clade_name	Sample10	Sample11	Sample12	Sample13	Sample14	Sample15	Sample16	Sample17	Sample18	Sample1	Sample20	Sample21	Sample22	Sample23	Sample24	Sample2	Sample3	Sample4	Sample5	Sample6	Sample7	Sample8	Sample9
k__Bacteria;p__Firmicutes;c__Clostridia;o__Eubacteriales	46.19325	57.62663	57.90036	14.87263	20.07547	14.34957	20.72442	23.13851	14.6964	22.01779	36.78645	5.17544	12.32388	8.11465	28.52351	57.40981	38.24657	52.44345	63.14201	65.11161	59.80551	99.76509	68.63222
k__Bacteria;p__Actinobacteria;c__Coriobacteriia;o__Coriobacteriales	12.71464	11.15219	0.57648	2.95529	3.70937	3.12764	6.6584	12.34271	2.14265	4.69946	5.75332	0.29941	17.33963	1.92584	3.63064	4.027	2.46239	3.61474	6.2754	7.59023	3.63024	0.0	9.88242
k__Bacteria;p__Firmicutes;c__CFGB76374;o__OFGB76374	9.75281	0.0	0.0	2.83648	4.94235	5.80374	8.65338	7.72237	1.84814	0.0	13.77286	1.67284	2.14413	3.09547	3.04292	0.0	0.0	0.0	0.0	0.0	0.0	0.0	0.0
k__Bacteria;p__Firmicutes;c__CFGB75783;o__OFGB75783	9.39115	2.35517	0.0	3.82456	6.2302	3.09453	2.52826	2.83439	2.91299	1.91534	9.89317	1.59225	4.71424	0.75805	5.93267	0.0	4.60315	0.0	4.19549	0.0	0.0	0.0	0.0
k__Bacteria;p__Actinobacteria;c__Actinomycetia;o__Bifidobacteriales	7.27155	0.22331	0.0	0.54747	0.03799	0.0	0.0	0.0	0.27169	0.0	0.54287	0.0	0.0	0.22529	0.91938	0.0	0.15858	0.0	0.4372	0.0	0.02116	0.0	0.0
k__Bacteria;p__Fusobacteria;c__CFGB76375;o__OFGB76375	7.08231	10.48614	0.0	10.56826	3.74603	2.62495	4.26912	0.06132	13.22043	0.00303	0.33985	0.0	0.17743	0.0	1.45057	0.0	2.5595	0.0	1.59287	0.0	0.0	0.0	0.0
k__Bacteria;p__Firmicutes;c__CFGB76106;o__OFGB76106	2.92475	5.58219	0.0	2.97529	18.04115	6.82571	5.85774	4.34617	4.56114	4.47479	13.32427	2.97614	12.40534	0.22405	5.45728	4.59812	8.79499	3.50682	9.70887	0.0	6.30425	0.0	6.19767
k__Bacteria;p__Firmicutes;c__Bacilli;o__Lactobacillales	1.52442	0.0	3.51366	0.05809	3.25641	1.89467	15.32695	10.64469	0.0	0.04455	0.0336	10.4839	22.95247	65.48983	0.78946	0.00242	5.50434	0.09086	0.03185	1.43231	3.787	0.03622	0.0
k__Bacteria;p__Firmicutes;c__Erysipelotrichia;o__Erysipelotrichales	1.49571	3.78046	9.11718	4.2766	9.18469	5.47536	7.48516	2.63704	1.86052	14.97056	4.35744	1.72948	6.05383	9.02998	12.31737	2.91321	1.26428	2.41104	3.60534	1.41479	2.9865	0.18617	3.36496
k__Bacteria;p__Firmicutes;c__Firmicutes_unclassified;o__Firmicutes_unclassified	0.2199	0.47646	0.0	0.26547	0.64264	0.41223	1.3823	0.07857	0.08384	0.02003	0.0	0.01034	0.14944	0.04042	0.49644	0.90708	0.60798	0.68619	0.73069	0.0	0.11822	0.0	0.4164
k__Bacteria;p__Actinobacteria;c__Coriobacteriia;o__Eggerthellales	0.08778	0.27146	0.0	0.00377	0.0	0.30155	0.00476	0.0	0.02681	0.09086	0.0969	0.0	0.83063	0.2272	0.01179	0.0	0.0	0.0	0.22008	0.0	0.0	0.0	0.23579
k__Bacteria;p__Firmicutes;c__CFGB1437;o__OFGB1437	0.06158	0.0	0.0	0.0	0.0	0.0	0.0	0.0	0.0	0.0	0.0	0.0	0.00168	0.0	0.0	0.0	0.0	0.0	0.0	0.0	0.0	0.0	0.0
k__Bacteria;p__Firmicutes;c__Negativicutes;o__Selenomonadales	0.06012	1.27886	5.88907	2.20857	0.04195	1.10078	2.60829	0.0	9.36558	15.514	0.48833	0.01413	0.0	2.66885	15.00396	1.22888	8.79132	3.46209	0.29356	21.1313	5.05323	0.0	3.63068
k__Bacteria;p__Proteobacteria;c__Gammaproteobacteria;o__Enterobacterales	0.03492	1.80039	2.69477	22.51916	9.68366	3.14878	12.3033	35.25005	19.53392	0.1089	5.10408	66.63744	9.86532	2.2177	10.07621	0.12646	0.0	0.90688	1.45784	1.36285	1.57086	0.0	0.0
k__Bacteria;p__Bacteroidetes;c__Bacteroidia;o__Bacteroidales	0.01552	0.11021	19.13905	11.26361	0.60998	4.02747	2.73536	0.00083	3.76174	26.33769	1.05102	0.00198	0.5213	4.78897	2.51834	17.64563	19.26338	25.46623	1.41737	0.97902	12.84878	0.0	5.78864
k__Bacteria;p__Firmicutes;c__CFGB76331;o__OFGB76331	0.00682	0.8131	0.0	0.08436	0.77415	0.0	0.0	0.0	0.47611	0.0	2.56405	0.11629	0.17757	0.42167	0.04015	0.0	1.18769	0.0	1.74121	0.0	0.0	0.0	1.43469
k__Bacteria;p__Proteobacteria;c__Gammaproteobacteria;o__Pasteurellales	0.0	0.63485	0.0	0.20547	0.13568	0.13179	0.24562	0.43337	0.08787	0.0	0.14929	0.53294	0.04423	0.0	0.18225	0.0	1.95015	0.0	1.26361	0.0	0.0	0.0	0.0
k__Bacteria;p__Fusobacteria;c__Fusobacteriia;o__Fusobacteriales	0.0	0.47512	0.0	2.78371	0.80933	0.18692	0.37283	0.0	9.41896	0.0	0.03901	0.0	0.03192	0.00133	0.32554	0.0	1.14838	0.0	0.0195	0.00758	0.0	0.00594	0.0
k__Bacteria;p__Firmicutes;c__CFGB8822;o__OFGB8822	0.0	0.43101	0.60874	0.40916	0.35441	0.18717	0.61247	0.0	0.55431	0.00633	0.28336	0.03449	0.00258	0.06675	0.38618	3.72571	0.38551	2.65563	0.41287	0.0	0.26407	0.0	0.0
k__Bacteria;p__Firmicutes;c__CFGB76352;o__OFGB76352	0.0	0.22023	0.0	0.0	0.58505	0.77524	0.07944	0.01898	0.0	0.0	0.0	0.0	0.03096	0.0	0.7604	0.6867	0.0	0.94612	0.40772	0.0	0.0	0.0	0.0
k__Bacteria;p__Proteobacteria;c__Epsilonproteobacteria;o__Campylobacterales	0.0	0.17707	0.0686	0.03476	0.0	0.0117	0.01724	0.0	0.0	0.16538	0.00373	0.0	0.0	0.0	0.01166	0.0	0.0	0.0	1.32261	0.0	1.2378	0.0	0.02523
k__Bacteria;p__Firmicutes;c__CFGB28775;o__OFGB28775	0.0	0.16497	0.0	0.07672	0.13199	0.0	0.01926	0.01082	0.02743	0.05114	0.0	0.02312	0.08559	0.00697	0.07252	0.56073	0.0	0.36348	0.27578	0.0	0.0	0.0	0.0
k__Bacteria;p__Proteobacteria;c__Betaproteobacteria;o__Burkholderiales	0.0	0.10446	0.12078	0.91497	0.0	0.13285	0.18246	0.0	1.86518	0.09268	0.0	0.0	0.0	0.0	0.0	0.0	0.31633	0.0	0.0	0.0	0.0	0.0	0.0
k__Bacteria;p__Firmicutes;c__Tissierellia;o__Tissierellales	0.0	0.03091	0.0	0.04917	0.0059	0.01205	0.0	0.0044	0.0636	0.0	0.0	0.00363	0.0	0.0	0.23386	0.0	0.0	0.0	0.0	0.0	0.0	0.0	0.07036
k__Bacteria;p__Firmicutes;c__Bacilli;o__Bacillales	0.0	0.00177	0.0	0.00182	0.01989	0.0	0.11316	0.05535	0.0	0.0	0.00839	0.00312	0.0	0.0	0.0	0.0	0.0	0.0	0.00598	0.0	0.0	0.0	0.0
k__Bacteria;p__Proteobacteria;c__Gammaproteobacteria;o__Aeromonadales	0.0	0.0	0.33173	0.89642	1.35554	0.08828	0.09787	0.0	0.0	0.08411	0.48689	0.0	0.10442	0.02948	0.02359	0.0	0.0	0.0	0.0	0.0	0.0	0.0	0.0
k__Bacteria;p__Proteobacteria;c__CFGB76748;o__OFGB76748	0.0	0.0	0.03959	0.0	0.0	0.0	0.0	0.0	0.0	0.0	0.0	0.0	0.0	0.0	0.0	0.0	1.22665	0.0	0.0	0.0	0.0	0.0	0.0
k__Bacteria;p__Fusobacteria;c__CFGB76370;o__OFGB76370	0.0	0.0	0.0	2.79531	0.0941	0.28561	0.12165	0.0	3.5854	0.00898	0.0	0.0	0.02659	0.0	0.0	0.0	0.0	0.0	0.0	0.0	0.0	0.0	0.0
k__Bacteria;p__Firmicutes;c__Negativicutes;o__Acidaminococcales	0.0	0.0	0.0	1.95116	0.12255	1.36496	0.41399	0.0	0.0	0.0	0.15543	0.0	0.03465	0.0	0.09507	0.0	0.0	0.0	0.0	0.0	0.0	0.0	0.0
k__Bacteria;p__Bacteroidetes;c__CFGB24868;o__OFGB24868	0.0	0.0	0.0	1.35559	0.09852	0.14977	0.0	0.0	0.33029	0.00394	0.01391	0.0	0.0	0.0	0.20833	0.0	0.0	0.0	0.0	0.0	0.0	0.0	0.0
k__Bacteria;p__Proteobacteria;c__Gammaproteobacteria;o__Moraxellales	0.0	0.0	0.0	1.29926	7.51814	1.78425	2.03247	0.0	0.38645	0.0	0.33603	6.65347	4.88645	0.49612	2.36495	0.0	0.0	0.0	0.0	0.0	0.0	0.0	0.0
k__Bacteria;p__Bacteroidetes;c__CFGB76132;o__OFGB76132	0.0	0.0	0.0	1.26494	0.15929	1.47328	0.11854	0.0	4.46517	0.0	0.20836	0.0	0.01819	0.0	0.58106	0.0	0.0	0.0	0.0	0.0	0.0	0.0	0.0
k__Bacteria;p__Firmicutes;c__CFGB3070;o__OFGB3070	0.0	0.0	0.0	1.25327	1.39332	0.50451	0.91883	0.0	0.05745	0.0	0.0	0.0	0.0	0.03393	1.37247	0.0	0.0	0.0	0.0	0.0	0.0	0.0	0.0
k__Bacteria;p__Bacteroidetes;c__CFGB628;o__OFGB628	0.0	0.0	0.0	0.76156	0.00325	0.44924	0.08606	0.0	0.03767	0.0	0.0	0.0	0.0	0.0	0.05914	0.0	0.0	0.0	0.0	0.0	0.0	0.0	0.0
k__Bacteria;p__Firmicutes;c__CFGB76329;o__OFGB76329	0.0	0.0	0.0	0.75951	0.55197	0.06091	0.05727	0.0	0.31457	0.0	0.0	0.0	0.0	0.0	0.22706	0.0	0.0	0.0	0.09825	0.0	0.0	0.0	0.0
k__Bacteria;p__Firmicutes;c__CFGB76248;o__OFGB76248	0.0	0.0	0.0	0.70005	0.04803	0.0	0.0	0.0	0.01627	0.0	0.0	0.0	0.0	0.0	0.0	0.0	0.07324	0.0	0.00336	0.0	0.09201	0.0	0.32095
k__Bacteria;p__Proteobacteria;c__CFGB76483;o__OFGB76483	0.0	0.0	0.0	0.49451	0.02264	0.27278	0.00619	0.0	0.27965	0.0	0.28252	0.0	0.0	0.0	0.15636	0.0	0.0	0.0	0.0	0.0	0.19931	0.0	0.0
k__Bacteria;p__Firmicutes;c__CFGB75721;o__OFGB75721	0.0	0.0	0.0	0.46322	1.1431	0.05993	0.43895	0.30942	0.47394	0.0	0.249	0.02632	0.01137	0.0	0.12417	0.0	0.0	0.0	0.0	0.0	0.0	0.0	0.0
k__Bacteria;p__Proteobacteria;c__Alphaproteobacteria;o__Caulobacterales	0.0	0.0	0.0	0.34441	0.0	0.20198	0.0	0.0	0.09388	0.0	0.0	0.0	0.0	0.0	0.21886	0.0	0.0	0.0	0.0	0.0	0.0	0.0	0.0
k__Bacteria;p__Tenericutes;c__CFGB48937;o__OFGB48937	0.0	0.0	0.0	0.30179	0.06468	0.0	0.0	0.0	0.0	0.0	0.02514	0.0	0.0	0.0	0.0	0.0	0.0	0.0	0.0	0.0	0.0	0.0	0.0
k__Bacteria;p__Firmicutes;c__CFGB43318;o__OFGB43318	0.0	0.0	0.0	0.27408	0.10383	0.16013	0.128	0.0	0.18249	0.0	1.15659	0.0	0.2363	0.02445	0.51426	0.0	0.0	0.0	0.0	0.0	0.0	0.0	0.0
k__Bacteria;p__Firmicutes;c__CFGB76102;o__OFGB76102	0.0	0.0	0.0	0.27265	0.04006	0.33119	0.11903	0.0	0.18511	0.0	0.0	0.0	0.0	0.0	0.0	0.0	0.0	0.0	0.0	0.0	0.0	0.0	0.0
k__Bacteria;p__Firmicutes;c__CFGB72939;o__OFGB72939	0.0	0.0	0.0	0.20008	1.9644	0.11681	0.01605	0.0	0.02038	0.0	0.0	0.05463	0.2624	0.0	0.04902	0.0	0.0	0.0	0.00162	0.0	0.0	0.0	0.0
k__Bacteria;p__Bacteroidetes;c__CFGB76082;o__OFGB76082	0.0	0.0	0.0	0.12319	0.0	0.0	0.0	0.0	0.0	0.0	0.0	0.0	0.0	0.0	0.0154	0.0	0.0	0.0	0.0	0.0	0.0	0.0	0.0
k__Bacteria;p__Firmicutes;c__CFGB1362;o__OFGB1362	0.0	0.0	0.0	0.00178	0.0	0.0	0.0	0.0	0.0	0.0	0.0	0.0	0.0	0.0	0.0	0.0	0.0	0.0	0.0	0.0	0.03104	0.0	0.0
k__Bacteria;p__Firmicutes;c__CFGB1473;o__OFGB1473	0.0	0.0	0.0	0.0	0.0114	0.02805	0.00127	0.0	0.0	0.04474	0.0	0.0	0.0	0.0	0.0	0.0	0.0	0.0	0.0	0.0	0.0	0.0	0.0
k__Bacteria;p__Proteobacteria;c__Deltaproteobacteria;o__Desulfovibrionales	0.0	0.0	0.0	0.0	0.0	37.00298	0.0	0.0	0.0	0.0	0.0	0.0	0.0	0.0	0.0	0.0	0.0	0.0	0.0	0.0	0.0	0.0	0.0
k__Bacteria;p__Actinobacteria;c__Actinomycetia;o__Actinomycetales	0.0	0.0	0.0	0.0	0.0	1.10719	0.81615	0.0	0.0	0.0	0.03308	0.0	0.0	0.0	0.01006	0.0	0.0	0.0	0.0	0.00267	0.0	0.0	0.0
k__Bacteria;p__Proteobacteria;c__Gammaproteobacteria;o__Pseudomonadales	0.0	0.0	0.0	0.0	0.0	0.0	0.45451	0.0	0.0	0.0	0.0	0.0	0.0	0.0	0.0	0.0	0.0	0.0	0.0	0.0	0.0	0.0	0.0
k__Bacteria;p__Firmicutes;c__CFGB75522;o__OFGB75522	0.0	0.0	0.0	0.0	0.0	0.0	0.0	0.0	2.30214	2.10617	0.0	0.0	0.0	0.0	0.0	0.0	0.0	0.0	0.0	0.0	0.0	0.0	0.0
k__Bacteria;p__Firmicutes;c__Negativicutes;o__Veillonellales	0.0	0.0	0.0	0.0	0.0	0.0	0.0	0.0	0.0	4.01678	0.0	0.0	0.0	0.0	0.0	0.0	0.0	0.0	0.0	0.0	0.0	0.0	0.0
k__Bacteria;p__Bacteroidetes;c__Flavobacteriia;o__Flavobacteriales	0.0	0.0	0.0	0.0	0.0	0.0	0.0	0.0	0.0	2.48907	0.0	0.0	0.0	0.0	0.0	0.0	0.0	0.0	0.0	0.0	0.0	0.0	0.0
k__Bacteria;p__Firmicutes;c__CFGB43013;o__OFGB43013	0.0	0.0	0.0	0.0	0.0	0.0	0.0	0.0	0.0	0.0	0.0	0.0	0.0	0.0	0.29593	0.0	0.0	0.0	0.0	0.0	0.0	0.0	0.0
k__Bacteria;p__Firmicutes;c__CFGB75497;o__OFGB75497	0.0	0.0	0.0	0.0	0.0	0.0	0.0	0.0	0.0	0.0	0.0	0.0	0.0	0.0	0.00534	0.0	0.05309	0.0	0.0	0.0	0.0	0.0	0.0
k__Bacteria;p__Firmicutes;c__Clostridia;o__Clostridia_unclassified	0.0	0.0	0.0	0.0	0.0	0.0	0.0	0.0	0.0	0.0	0.0	0.0	0.0	0.0	0.00282	0.0	0.0	0.0	0.0	0.0	0.0	0.0	0.0
k__Bacteria;p__Firmicutes;c__CFGB76110;o__OFGB76110	0.0	0.0	0.0	0.0	0.0	0.0	0.0	0.0	0.0	0.0	0.0	0.0	0.0	0.0	0.0	0.0	0.0	0.0	0.0	0.0	0.31319	0.0	0.0
k__Bacteria;p__Firmicutes;c__CFGB3009;o__OFGB3009	0.0	0.0	0.0	0.0	0.0	0.0	0.0	0.0	0.0	0.0	0.0	0.0	0.0	0.0	0.0	0.0	0.0	0.0	0.0	0.0	0.00497	0.0	0.0
k__Bacteria;p__Proteobacteria;c__Gammaproteobacteria;o__Legionellales	0.0	0.0	0.0	0.0	0.0	0.0	0.0	0.0	0.0	0.0	0.0	0.0	0.0	0.0	0.0	0.0	0.0	0.0	0.0	0.0	0.0	0.00657	0.0
