$aov.tab
Permutation: free
Number of permutations: 999

Terms added sequentially (first to last)

          Df SumsOfSqs MeanSqs F.Model     R2 Pr(>F)    
sd$group   1    1.3586 1.35856  5.6328 0.2115  0.001 ***
Residuals 21    5.0649 0.24119         0.7885           
Total     22    6.4235                 1.0000           
---
Signif. codes:  0 ‘***’ 0.001 ‘**’ 0.01 ‘*’ 0.05 ‘.’ 0.1 ‘ ’ 1

$call
adonis(formula = dist ~ sd$group)

$coefficients
NULL

$coef.sites
                   [,1]       [,2]       [,3]       [,4]        [,5]        [,6]
(Intercept)  0.76293951  0.6969757  0.6686147  0.7000407  0.65028420  0.78713163
sd$group1   -0.02473701 -0.1551601 -0.1120603 -0.1503364 -0.08017183 -0.09340977
                  [,7]       [,8]       [,9]       [,10]       [,11]      [,12]
(Intercept)  0.6896664  0.8026656  0.6597055  0.73181961  0.64331074  0.7679296
sd$group1   -0.1290255 -0.1079891 -0.1551191 -0.03502008 -0.08007751 -0.1282512
                [,13]     [,14]     [,15]      [,16]      [,17]      [,18]      [,19]
(Intercept) 0.7326434 0.6932692 0.7418243 0.65488686 0.69123898 0.72584608 0.67544554
sd$group1   0.1115127 0.1243160 0.1071955 0.08179525 0.06890311 0.08663252 0.04480741
                 [,20]      [,21]     [,22]      [,23]
(Intercept) 0.82716312 0.73225874 0.8262520 0.68273215
sd$group1   0.09611089 0.09535345 0.0964084 0.09814277

$f.perms
             [,1]
   [1,] 0.7218025
   [2,] 0.8057742
   [3,] 0.7718757
   [4,] 0.6826240
   [5,] 1.3436531
   [6,] 1.1925766
   [7,] 1.5970088
   [8,] 0.7129327
   [9,] 0.8163082
  [10,] 0.9408051
  [11,] 1.2597924
  [12,] 2.0191641
  [13,] 0.9128474
  [14,] 0.7465721
  [15,] 0.5015701
  [16,] 1.0093499
  [17,] 1.6718372
  [18,] 1.0799615
  [19,] 0.9870136
  [20,] 0.8954781
  [21,] 0.9988854
  [22,] 0.7542437
  [23,] 0.6396429
  [24,] 0.5811937
  [25,] 0.6257006
  [26,] 0.8218443
  [27,] 1.5939414
  [28,] 0.9572917
  [29,] 1.0940911
  [30,] 1.3435188
  [31,] 0.9228245
  [32,] 1.4172412
  [33,] 0.7275013
  [34,] 1.1543049
  [35,] 0.9687675
  [36,] 1.6010412
  [37,] 2.3018867
  [38,] 0.8582241
  [39,] 1.0011125
  [40,] 0.7519698
  [41,] 1.1399458
  [42,] 0.9265146
  [43,] 0.6862924
  [44,] 1.7550346
  [45,] 0.7295393
  [46,] 0.8274648
  [47,] 3.0121319
  [48,] 0.9552646
  [49,] 0.6295663
  [50,] 0.9260594
  [51,] 0.5752353
  [52,] 0.5393006
  [53,] 0.8728559
  [54,] 1.2411157
  [55,] 0.8231245
  [56,] 1.8243065
  [57,] 0.8313850
  [58,] 1.4844741
  [59,] 0.5653064
  [60,] 1.6255614
  [61,] 0.7619075
  [62,] 0.7086756
  [63,] 0.7722248
  [64,] 1.2573762
  [65,] 0.5864831
  [66,] 2.2724664
  [67,] 0.9462503
  [68,] 0.8956921
  [69,] 0.5528911
  [70,] 0.9207663
  [71,] 1.0768296
  [72,] 0.9089425
  [73,] 1.1717137
  [74,] 0.5719443
  [75,] 1.0834691
  [76,] 0.7879499
  [77,] 1.4386294
  [78,] 1.5622240
  [79,] 1.4961658
  [80,] 0.5290042
  [81,] 1.0440880
  [82,] 0.4370817
  [83,] 1.0289159
  [84,] 0.8543432
  [85,] 0.4921057
  [86,] 1.1670911
  [87,] 0.8359959
  [88,] 1.4992510
  [89,] 0.5374749
  [90,] 0.8065392
  [91,] 1.4459667
  [92,] 0.6950524
  [93,] 0.9373606
  [94,] 0.6149564
  [95,] 0.6615754
  [96,] 1.3059580
  [97,] 1.0367400
  [98,] 1.1465378
  [99,] 1.4836854
 [100,] 0.8239141
 [101,] 0.6194476
 [102,] 0.6988379
 [103,] 1.2668596
 [104,] 1.0956648
 [105,] 1.4903661
 [106,] 0.6544366
 [107,] 1.5210487
 [108,] 0.8094800
 [109,] 1.4872036
 [110,] 1.0059699
 [111,] 0.6621766
 [112,] 0.7449984
 [113,] 0.7258468
 [114,] 0.7097728
 [115,] 0.8207466
 [116,] 0.7137093
 [117,] 2.6318970
 [118,] 0.8058804
 [119,] 1.4077609
 [120,] 1.4764708
 [121,] 0.3976904
 [122,] 0.7269822
 [123,] 0.4819423
 [124,] 1.0309382
 [125,] 0.6368746
 [126,] 0.7925874
 [127,] 1.8156948
 [128,] 1.5540535
 [129,] 1.2644730
 [130,] 0.9456515
 [131,] 0.6273741
 [132,] 0.5878573
 [133,] 1.1445847
 [134,] 1.2386965
 [135,] 1.1444818
 [136,] 0.8892176
 [137,] 1.4660835
 [138,] 0.7070657
 [139,] 0.6599437
 [140,] 0.9477443
 [141,] 1.2418235
 [142,] 0.8697245
 [143,] 0.7750015
 [144,] 1.1180024
 [145,] 0.9318808
 [146,] 0.6816211
 [147,] 0.6533319
 [148,] 0.8957231
 [149,] 0.8275006
 [150,] 0.7817654
 [151,] 0.7538344
 [152,] 0.8782024
 [153,] 1.2572778
 [154,] 1.4053734
 [155,] 0.9577786
 [156,] 1.4791043
 [157,] 1.8916536
 [158,] 1.3960093
 [159,] 0.8048498
 [160,] 0.7605035
 [161,] 1.2268272
 [162,] 0.6587563
 [163,] 1.0007064
 [164,] 0.8706245
 [165,] 0.8010604
 [166,] 2.1755183
 [167,] 0.9855332
 [168,] 1.8809192
 [169,] 0.8640667
 [170,] 0.9489594
 [171,] 0.9676408
 [172,] 1.3277524
 [173,] 0.8511625
 [174,] 2.0622642
 [175,] 0.8168080
 [176,] 0.8239780
 [177,] 1.1534415
 [178,] 1.3814714
 [179,] 0.7985732
 [180,] 0.8761485
 [181,] 0.6320037
 [182,] 1.2923033
 [183,] 1.0405738
 [184,] 1.0393531
 [185,] 0.6651579
 [186,] 0.9887680
 [187,] 0.6021401
 [188,] 1.2006665
 [189,] 0.9092441
 [190,] 0.9366021
 [191,] 0.8148603
 [192,] 1.5646270
 [193,] 0.7562054
 [194,] 0.8732812
 [195,] 0.8049852
 [196,] 0.9966901
 [197,] 1.2011184
 [198,] 0.6669123
 [199,] 0.6317790
 [200,] 1.3161594
 [201,] 0.7703016
 [202,] 1.0505325
 [203,] 0.7176660
 [204,] 0.8943524
 [205,] 0.7203258
 [206,] 0.6407066
 [207,] 1.1100647
 [208,] 1.2104401
 [209,] 0.7499376
 [210,] 1.0509050
 [211,] 0.9793344
 [212,] 1.0880641
 [213,] 1.2808470
 [214,] 1.5492658
 [215,] 0.4989874
 [216,] 0.5480469
 [217,] 1.4350867
 [218,] 1.2101196
 [219,] 0.4783081
 [220,] 0.8249899
 [221,] 0.9987229
 [222,] 1.0169332
 [223,] 0.7944576
 [224,] 1.0623744
 [225,] 1.0486836
 [226,] 0.8394025
 [227,] 0.8338597
 [228,] 0.8603526
 [229,] 1.0691453
 [230,] 0.7606710
 [231,] 0.8626574
 [232,] 1.1636524
 [233,] 1.6269174
 [234,] 1.1123747
 [235,] 0.8486447
 [236,] 0.8723264
 [237,] 0.8471356
 [238,] 0.8137017
 [239,] 1.2136961
 [240,] 1.0615993
 [241,] 0.8791621
 [242,] 0.6899169
 [243,] 0.6239318
 [244,] 0.7947531
 [245,] 1.2334565
 [246,] 1.1166606
 [247,] 1.1942519
 [248,] 1.3158307
 [249,] 0.8443940
 [250,] 0.5628659
 [251,] 2.1423408
 [252,] 0.9718908
 [253,] 0.5578323
 [254,] 0.5825801
 [255,] 1.3549179
 [256,] 1.1455475
 [257,] 1.3316690
 [258,] 0.8943922
 [259,] 0.5835947
 [260,] 1.0668502
 [261,] 1.7068376
 [262,] 0.7188568
 [263,] 0.7292511
 [264,] 0.9138141
 [265,] 0.5788769
 [266,] 0.4444294
 [267,] 0.5085384
 [268,] 1.0474353
 [269,] 0.5147830
 [270,] 1.1945371
 [271,] 0.4571717
 [272,] 0.8769502
 [273,] 0.7915405
 [274,] 0.6156079
 [275,] 2.5525273
 [276,] 1.1183194
 [277,] 0.5142931
 [278,] 1.3218012
 [279,] 1.0173911
 [280,] 1.2543914
 [281,] 1.0593274
 [282,] 0.9116874
 [283,] 0.5955392
 [284,] 1.2023096
 [285,] 1.0868339
 [286,] 1.3959301
 [287,] 0.7897048
 [288,] 0.9004948
 [289,] 0.5862642
 [290,] 0.7278055
 [291,] 0.8910244
 [292,] 0.7079857
 [293,] 0.7458557
 [294,] 1.5352767
 [295,] 2.1628756
 [296,] 1.3739419
 [297,] 0.9046632
 [298,] 1.3278892
 [299,] 1.1067432
 [300,] 0.8627566
 [301,] 0.8434753
 [302,] 0.5533588
 [303,] 1.5588699
 [304,] 1.0268037
 [305,] 1.5082151
 [306,] 0.7462488
 [307,] 1.7382147
 [308,] 1.0957449
 [309,] 0.6073565
 [310,] 0.8497290
 [311,] 1.1609214
 [312,] 1.1712656
 [313,] 0.7301949
 [314,] 1.6853408
 [315,] 1.2306385
 [316,] 0.8989680
 [317,] 1.3537228
 [318,] 1.4779518
 [319,] 0.4157309
 [320,] 0.4857553
 [321,] 0.9490058
 [322,] 0.4025885
 [323,] 0.7472712
 [324,] 0.6529809
 [325,] 0.9927161
 [326,] 0.9346744
 [327,] 1.0197224
 [328,] 0.5187275
 [329,] 1.0120395
 [330,] 0.9960920
 [331,] 0.8845903
 [332,] 0.5472810
 [333,] 1.5845666
 [334,] 0.9103084
 [335,] 0.5399651
 [336,] 0.6548220
 [337,] 0.9838205
 [338,] 0.8714336
 [339,] 0.9654732
 [340,] 0.5973005
 [341,] 1.4071418
 [342,] 1.7372789
 [343,] 1.0695454
 [344,] 1.1690934
 [345,] 0.7375570
 [346,] 0.8895470
 [347,] 0.8618062
 [348,] 0.6661139
 [349,] 0.7542458
 [350,] 0.5350803
 [351,] 0.7876476
 [352,] 0.5514566
 [353,] 0.4310666
 [354,] 1.4867734
 [355,] 0.7011499
 [356,] 0.9288047
 [357,] 1.3194368
 [358,] 0.6247255
 [359,] 1.3183892
 [360,] 1.2276179
 [361,] 0.8344197
 [362,] 1.4789208
 [363,] 0.9877721
 [364,] 1.1935162
 [365,] 1.2658594
 [366,] 1.1934019
 [367,] 0.8129464
 [368,] 0.7170258
 [369,] 0.5734149
 [370,] 1.3916234
 [371,] 0.7577866
 [372,] 1.5535034
 [373,] 1.3170631
 [374,] 0.6168036
 [375,] 0.6493959
 [376,] 1.3229593
 [377,] 1.5743637
 [378,] 1.0005797
 [379,] 1.5873069
 [380,] 0.7798942
 [381,] 0.7649290
 [382,] 0.9121080
 [383,] 1.5236633
 [384,] 1.2846345
 [385,] 1.8230914
 [386,] 0.8790950
 [387,] 1.3179661
 [388,] 0.4846876
 [389,] 1.1245498
 [390,] 0.6390053
 [391,] 0.8177629
 [392,] 0.9528138
 [393,] 0.8690727
 [394,] 0.6798932
 [395,] 0.6320920
 [396,] 1.0389558
 [397,] 0.8940907
 [398,] 1.1179090
 [399,] 1.0185046
 [400,] 0.7475487
 [401,] 1.2144495
 [402,] 1.0641222
 [403,] 0.9081244
 [404,] 1.1284636
 [405,] 1.6970459
 [406,] 0.9125307
 [407,] 0.8819398
 [408,] 0.7031543
 [409,] 1.0599410
 [410,] 1.6035470
 [411,] 1.0233616
 [412,] 1.2382444
 [413,] 1.1556636
 [414,] 0.6695056
 [415,] 1.5844963
 [416,] 1.1215837
 [417,] 1.1556122
 [418,] 0.7960708
 [419,] 0.8168716
 [420,] 1.7218230
 [421,] 0.7079716
 [422,] 0.8123406
 [423,] 0.5955618
 [424,] 1.4309123
 [425,] 0.8873264
 [426,] 1.1540917
 [427,] 0.9456175
 [428,] 0.8787116
 [429,] 1.5364501
 [430,] 0.9248327
 [431,] 0.6110221
 [432,] 0.6896979
 [433,] 0.6597499
 [434,] 1.0531681
 [435,] 1.1267124
 [436,] 0.7147663
 [437,] 1.7623711
 [438,] 0.6052543
 [439,] 1.4857813
 [440,] 2.0282346
 [441,] 0.7850725
 [442,] 2.2147665
 [443,] 1.2873940
 [444,] 0.8478716
 [445,] 0.5794469
 [446,] 0.5815978
 [447,] 0.9652973
 [448,] 0.9202665
 [449,] 0.7289177
 [450,] 0.9179188
 [451,] 1.2082788
 [452,] 1.2570509
 [453,] 1.2031835
 [454,] 1.0280008
 [455,] 0.9294182
 [456,] 2.1730092
 [457,] 1.4039983
 [458,] 1.0368443
 [459,] 0.8965738
 [460,] 0.9254050
 [461,] 0.8241257
 [462,] 1.6579589
 [463,] 0.4868008
 [464,] 0.9670886
 [465,] 0.9560831
 [466,] 0.7358500
 [467,] 0.8546426
 [468,] 0.8290065
 [469,] 0.8490431
 [470,] 0.8221493
 [471,] 0.4994984
 [472,] 1.0598325
 [473,] 0.9644497
 [474,] 1.3754379
 [475,] 0.6818262
 [476,] 1.2480099
 [477,] 1.6891922
 [478,] 0.7135046
 [479,] 0.9035548
 [480,] 0.8940577
 [481,] 0.8942278
 [482,] 0.6580836
 [483,] 1.4037023
 [484,] 2.1435515
 [485,] 0.9597597
 [486,] 0.9461262
 [487,] 0.9153266
 [488,] 1.1592381
 [489,] 0.9693274
 [490,] 0.5925473
 [491,] 0.9368577
 [492,] 0.9821166
 [493,] 1.1795191
 [494,] 0.5917355
 [495,] 1.0859454
 [496,] 1.1574035
 [497,] 0.5623612
 [498,] 0.9544023
 [499,] 1.9084303
 [500,] 1.7205050
 [501,] 0.4383517
 [502,] 1.1866091
 [503,] 1.4689731
 [504,] 0.6971346
 [505,] 0.9584046
 [506,] 1.1275447
 [507,] 1.9999783
 [508,] 0.9650858
 [509,] 1.0106353
 [510,] 0.9028029
 [511,] 0.8001488
 [512,] 0.9964396
 [513,] 0.6856306
 [514,] 0.9515065
 [515,] 0.5135454
 [516,] 1.5228863
 [517,] 0.8272526
 [518,] 0.8671795
 [519,] 1.0436679
 [520,] 0.5587412
 [521,] 0.6739131
 [522,] 0.8690659
 [523,] 0.5200776
 [524,] 0.8401315
 [525,] 0.7489830
 [526,] 0.6898296
 [527,] 0.8446090
 [528,] 1.5768147
 [529,] 1.1636452
 [530,] 1.0350231
 [531,] 1.3965582
 [532,] 0.9157410
 [533,] 0.5623122
 [534,] 0.9802985
 [535,] 0.6181829
 [536,] 2.9077419
 [537,] 0.8845359
 [538,] 0.7562045
 [539,] 0.7068332
 [540,] 0.9030837
 [541,] 0.8521109
 [542,] 1.1969781
 [543,] 1.2508793
 [544,] 0.9971368
 [545,] 0.7103747
 [546,] 0.7227250
 [547,] 0.9305338
 [548,] 0.9452242
 [549,] 1.1835859
 [550,] 0.8541433
 [551,] 0.9584066
 [552,] 1.1046861
 [553,] 1.1133049
 [554,] 0.6192667
 [555,] 0.7340465
 [556,] 1.9731715
 [557,] 0.8455548
 [558,] 0.7056447
 [559,] 0.3618529
 [560,] 0.9154788
 [561,] 1.3119982
 [562,] 1.3056467
 [563,] 1.0426652
 [564,] 1.0571442
 [565,] 0.7982997
 [566,] 0.7294128
 [567,] 1.4117180
 [568,] 0.6548807
 [569,] 0.5802803
 [570,] 0.9254576
 [571,] 0.9528459
 [572,] 0.8016379
 [573,] 0.3059792
 [574,] 0.8389999
 [575,] 1.5357951
 [576,] 0.8522521
 [577,] 1.0426567
 [578,] 0.9017976
 [579,] 2.0872358
 [580,] 1.0219699
 [581,] 0.5816230
 [582,] 1.4322473
 [583,] 0.9141009
 [584,] 1.1782418
 [585,] 1.0179241
 [586,] 0.8957297
 [587,] 0.8140840
 [588,] 0.7300363
 [589,] 1.0809578
 [590,] 0.9825859
 [591,] 0.5170505
 [592,] 0.6735614
 [593,] 0.8288877
 [594,] 1.6314241
 [595,] 0.7007981
 [596,] 1.6558416
 [597,] 0.7194819
 [598,] 0.8679924
 [599,] 0.8886683
 [600,] 0.9936900
 [601,] 0.5370287
 [602,] 1.2631687
 [603,] 0.6286206
 [604,] 0.8928173
 [605,] 0.5829703
 [606,] 0.7036212
 [607,] 0.9533486
 [608,] 0.8204460
 [609,] 1.1958793
 [610,] 0.6083683
 [611,] 0.9933959
 [612,] 0.9973538
 [613,] 0.8267387
 [614,] 1.4185868
 [615,] 0.7823148
 [616,] 1.1950534
 [617,] 2.6534425
 [618,] 1.1904433
 [619,] 1.0290328
 [620,] 0.9124280
 [621,] 0.7848454
 [622,] 0.6287446
 [623,] 0.9518962
 [624,] 1.4920648
 [625,] 1.0994634
 [626,] 0.6702313
 [627,] 1.8820842
 [628,] 1.0021520
 [629,] 0.8196741
 [630,] 1.2575364
 [631,] 1.4315982
 [632,] 0.5822233
 [633,] 1.0132288
 [634,] 0.4164498
 [635,] 1.0404653
 [636,] 0.8585626
 [637,] 1.1240296
 [638,] 0.7802149
 [639,] 0.4447560
 [640,] 1.5489328
 [641,] 0.9737601
 [642,] 0.9362744
 [643,] 1.1290573
 [644,] 1.5096105
 [645,] 1.6927733
 [646,] 1.3458838
 [647,] 0.8094310
 [648,] 1.2079795
 [649,] 0.7670397
 [650,] 1.3983394
 [651,] 1.3937473
 [652,] 0.6947485
 [653,] 0.9454438
 [654,] 0.8180562
 [655,] 0.9311639
 [656,] 1.1562803
 [657,] 0.7655628
 [658,] 0.9355484
 [659,] 3.7182245
 [660,] 0.9089677
 [661,] 1.0499031
 [662,] 0.5902303
 [663,] 0.6032243
 [664,] 0.6533608
 [665,] 1.0574922
 [666,] 1.0945210
 [667,] 0.9383466
 [668,] 1.0864976
 [669,] 0.9057275
 [670,] 0.5958102
 [671,] 1.0400761
 [672,] 0.7524084
 [673,] 1.2027756
 [674,] 1.2689943
 [675,] 0.8698271
 [676,] 1.1292245
 [677,] 0.6568007
 [678,] 0.7776856
 [679,] 0.7937839
 [680,] 0.5512481
 [681,] 0.4352061
 [682,] 1.1687143
 [683,] 1.1145460
 [684,] 0.9549516
 [685,] 0.3805388
 [686,] 1.2725282
 [687,] 1.2996643
 [688,] 0.6645248
 [689,] 1.9373324
 [690,] 1.1696226
 [691,] 0.9408274
 [692,] 1.1288148
 [693,] 0.8757555
 [694,] 0.8920186
 [695,] 0.5060636
 [696,] 1.5648169
 [697,] 1.3850903
 [698,] 1.0771202
 [699,] 0.8214392
 [700,] 1.0683538
 [701,] 1.1402568
 [702,] 0.5755565
 [703,] 0.9418950
 [704,] 0.9434046
 [705,] 2.2485500
 [706,] 2.3362917
 [707,] 0.8379241
 [708,] 1.6205295
 [709,] 0.7433321
 [710,] 0.8715481
 [711,] 0.7140377
 [712,] 0.8822984
 [713,] 1.1409214
 [714,] 0.8669236
 [715,] 1.4612103
 [716,] 0.8378556
 [717,] 0.9020904
 [718,] 1.9384481
 [719,] 1.6810129
 [720,] 2.1043021
 [721,] 1.7537842
 [722,] 0.9847854
 [723,] 0.8050995
 [724,] 3.4819341
 [725,] 0.8980128
 [726,] 0.5679014
 [727,] 0.9105400
 [728,] 0.5613219
 [729,] 1.0360571
 [730,] 1.2341914
 [731,] 0.7874386
 [732,] 1.1171657
 [733,] 1.9803041
 [734,] 0.9294657
 [735,] 1.2750007
 [736,] 0.9687450
 [737,] 1.4121833
 [738,] 1.4068444
 [739,] 0.8145986
 [740,] 0.7463709
 [741,] 1.2373114
 [742,] 1.7978347
 [743,] 1.0656136
 [744,] 1.3305966
 [745,] 1.3792889
 [746,] 0.8812248
 [747,] 1.2190571
 [748,] 1.2904542
 [749,] 1.4001032
 [750,] 1.1021078
 [751,] 1.0584084
 [752,] 0.7203547
 [753,] 1.0174647
 [754,] 0.5168068
 [755,] 0.6940451
 [756,] 1.0288155
 [757,] 0.4362156
 [758,] 0.5228059
 [759,] 1.0086906
 [760,] 0.9622244
 [761,] 0.5476999
 [762,] 1.0162401
 [763,] 1.7884242
 [764,] 0.9162260
 [765,] 0.7551684
 [766,] 0.8763705
 [767,] 0.6400031
 [768,] 1.4667738
 [769,] 0.9100433
 [770,] 0.7468503
 [771,] 0.9582968
 [772,] 0.6271684
 [773,] 1.6049671
 [774,] 0.7316002
 [775,] 1.1254354
 [776,] 1.6190101
 [777,] 1.2042297
 [778,] 0.9431265
 [779,] 0.6808344
 [780,] 0.9033555
 [781,] 0.7036740
 [782,] 0.8278485
 [783,] 0.7903839
 [784,] 1.2317031
 [785,] 0.6310522
 [786,] 0.6230945
 [787,] 0.8964097
 [788,] 0.9333025
 [789,] 0.6398147
 [790,] 1.0639982
 [791,] 0.6655310
 [792,] 1.3886232
 [793,] 1.3010942
 [794,] 0.9714689
 [795,] 1.7218317
 [796,] 0.9353708
 [797,] 0.5493078
 [798,] 1.6607186
 [799,] 0.9145216
 [800,] 1.1383542
 [801,] 0.8142407
 [802,] 0.7233903
 [803,] 0.6671201
 [804,] 1.3924607
 [805,] 0.4993168
 [806,] 1.0876543
 [807,] 1.0058913
 [808,] 0.5935510
 [809,] 0.5955904
 [810,] 1.0866507
 [811,] 0.8857792
 [812,] 1.1012796
 [813,] 1.3548839
 [814,] 1.1223470
 [815,] 0.9015831
 [816,] 0.6903632
 [817,] 1.6204609
 [818,] 0.7161145
 [819,] 0.7676787
 [820,] 1.4948296
 [821,] 0.6425712
 [822,] 1.2671967
 [823,] 0.8566897
 [824,] 0.7660807
 [825,] 0.8855482
 [826,] 1.0312191
 [827,] 0.5731548
 [828,] 0.8918763
 [829,] 0.7474219
 [830,] 0.8318209
 [831,] 0.7392415
 [832,] 1.0458691
 [833,] 0.9116417
 [834,] 0.9181495
 [835,] 3.3170632
 [836,] 0.4623605
 [837,] 0.7652784
 [838,] 0.9624443
 [839,] 0.5855613
 [840,] 0.9774242
 [841,] 0.7580899
 [842,] 1.1262528
 [843,] 1.1319018
 [844,] 1.1465754
 [845,] 0.8239364
 [846,] 0.9370479
 [847,] 1.0993906
 [848,] 0.3931787
 [849,] 0.9675132
 [850,] 0.7764133
 [851,] 1.6534633
 [852,] 0.8751151
 [853,] 1.6243834
 [854,] 1.3214002
 [855,] 0.7041356
 [856,] 1.1132375
 [857,] 1.1336382
 [858,] 1.4210843
 [859,] 0.8740876
 [860,] 0.9475830
 [861,] 0.3473045
 [862,] 0.8765842
 [863,] 1.4947474
 [864,] 0.7498685
 [865,] 1.4165231
 [866,] 1.8318364
 [867,] 1.2980306
 [868,] 0.7233704
 [869,] 0.7864645
 [870,] 0.7908023
 [871,] 1.0045175
 [872,] 1.1392485
 [873,] 0.7534898
 [874,] 0.6232966
 [875,] 1.2249815
 [876,] 0.8483285
 [877,] 2.3473475
 [878,] 0.9113427
 [879,] 1.9651108
 [880,] 0.7115806
 [881,] 2.0690586
 [882,] 1.1464394
 [883,] 0.9806511
 [884,] 0.7442922
 [885,] 0.7677022
 [886,] 0.6774386
 [887,] 1.5108447
 [888,] 1.4596643
 [889,] 0.6202675
 [890,] 1.4614589
 [891,] 1.0324119
 [892,] 1.1872822
 [893,] 0.9084886
 [894,] 1.1340226
 [895,] 1.0941647
 [896,] 0.9507433
 [897,] 1.1827378
 [898,] 0.6891601
 [899,] 0.5770753
 [900,] 0.6714493
 [901,] 0.9570052
 [902,] 0.7191689
 [903,] 1.4363281
 [904,] 0.4029355
 [905,] 0.9818758
 [906,] 0.9492031
 [907,] 0.5423779
 [908,] 0.6999053
 [909,] 1.1164123
 [910,] 1.3426982
 [911,] 1.4294702
 [912,] 0.6639314
 [913,] 1.2030438
 [914,] 0.7184883
 [915,] 0.8868684
 [916,] 1.9215686
 [917,] 1.0836565
 [918,] 0.6015295
 [919,] 0.9752503
 [920,] 0.8377388
 [921,] 0.8991880
 [922,] 0.7502096
 [923,] 0.7581681
 [924,] 0.9373921
 [925,] 1.4049586
 [926,] 3.2670647
 [927,] 0.5473852
 [928,] 1.0906720
 [929,] 0.6880323
 [930,] 0.5708766
 [931,] 0.9844944
 [932,] 0.8493948
 [933,] 1.7946248
 [934,] 1.2502330
 [935,] 0.9070914
 [936,] 0.7769190
 [937,] 1.1922625
 [938,] 2.3668799
 [939,] 0.9812106
 [940,] 0.8571367
 [941,] 1.0559589
 [942,] 0.7449055
 [943,] 0.9272887
 [944,] 1.8606255
 [945,] 0.8807443
 [946,] 1.1531094
 [947,] 1.0636399
 [948,] 0.9558687
 [949,] 1.0848974
 [950,] 0.8732171
 [951,] 1.4214328
 [952,] 0.5565437
 [953,] 1.3221156
 [954,] 0.8413620
 [955,] 3.0444353
 [956,] 1.0886576
 [957,] 0.8483724
 [958,] 0.8042519
 [959,] 0.7822774
 [960,] 1.2720622
 [961,] 0.3204238
 [962,] 1.0809385
 [963,] 1.1085053
 [964,] 0.9954626
 [965,] 0.7397336
 [966,] 0.7940838
 [967,] 0.8554760
 [968,] 0.8973208
 [969,] 0.5781678
 [970,] 0.6362145
 [971,] 1.4212845
 [972,] 0.8376058
 [973,] 0.7655075
 [974,] 2.3808484
 [975,] 0.8000481
 [976,] 1.1613923
 [977,] 0.7873034
 [978,] 0.5625649
 [979,] 1.0768901
 [980,] 1.1978221
 [981,] 0.8294570
 [982,] 1.1058336
 [983,] 0.9740515
 [984,] 0.8799644
 [985,] 0.5917716
 [986,] 1.0133093
 [987,] 0.8782970
 [988,] 0.9176241
 [989,] 0.9119762
 [990,] 1.4554565
 [991,] 0.9782320
 [992,] 0.9128113
 [993,] 0.4769922
 [994,] 0.5937862
 [995,] 0.8587665
 [996,] 1.3438281
 [997,] 0.5255949
 [998,] 1.4979715
 [999,] 0.9941593

$model.matrix
   (Intercept) sd$group1
1            1         1
2            1         1
3            1         1
4            1         1
5            1         1
6            1         1
7            1         1
8            1         1
9            1         1
10           1         1
11           1         1
12           1         1
13           1        -1
14           1        -1
15           1        -1
16           1        -1
17           1        -1
18           1        -1
19           1        -1
20           1        -1
21           1        -1
22           1        -1
23           1        -1

$terms
dist ~ sd$group
attr(,"variables")
list(dist, sd$group)
attr(,"factors")
         sd$group
dist            0
sd$group        1
attr(,"term.labels")
[1] "sd$group"
attr(,"order")
[1] 1
attr(,"intercept")
[1] 1
attr(,"response")
[1] 1
attr(,".Environment")
<environment: R_GlobalEnv>

attr(,"class")
[1] "adonis"
